@RELATION	square1
@ATTRIBUTE	a1	REAL
@ATTRIBUTE 	a2	REAL
@ATTRIBUTE	class	{0,1,2,3}
@DATA
10.9185,4.88961
12.4454,9.74354
11.4869,8.48109
11.3589,10.262
9.15449,10.7772
13.8943,10.2023
10.3089,7.8211
10.0735,8.4748
10.5972,11.5332
9.58001,7.18364
9.28254,10.6751
6.5212,7.42879
12.7217,10.5749
12.4021,10.4588
9.99241,9.6611
11.121,8.4455
11.2099,11.4847
12.7127,11.624
6.53131,9.24825
8.11771,9.09367
13.286,8.0974
10.2191,10.1657
10.8266,8.60227
11.5165,9.85531
9.69942,9.56236
8.16903,10.7732
10.179,9.25451
9.09495,6.61754
4.18748,6.78161
12.4226,12.2299
13.7967,13.5089
10.5839,10.253
8.45717,10.6407
9.86273,11.203
8.78558,6.36908
11.3199,8.28916
9.22719,10.2892
12.4162,13.0268
10.402,8.85605
9.7351,14.328
10.1145,11.9807
12.4463,9.06225
8.3765,9.48224
6.94754,9.49249
10.8378,10.2192
9.19329,11.7556
8.70646,7.89747
10.6373,12.5112
9.89848,11.646
11.4446,8.166
12.4901,7.3439
9.5061,10.7594
9.1052,10.5169
14.1729,7.14161
11.8023,9.61588
8.56484,10.9257
12.3523,6.37696
7.9028,9.08173
7.19313,11.8559
16.7028,11.3589
11.1384,7.22742
7.89456,10.8693
10.7093,9.50479
12.0348,5.98741
8.92957,8.90973
12.7134,12.8592
11.3752,11.1388
8.46402,13.7425
6.83641,8.54696
9.46343,9.97334
12.633,9.72559
10.6906,10.3299
8.07509,9.7056
10.0057,10.9791
10.9241,9.30696
8.25023,8.56504
12.1739,11.0418
8.7906,8.13353
11.1907,10.9506
12.1365,10.5123
10.4229,9.21595
7.53417,7.18743
7.2151,11.9754
8.39553,7.9911
10.3944,8.02614
9.03014,8.58279
13.3067,9.965
10.5762,9.00645
10.3504,13.0567
9.85428,11.0818
8.57604,8.5872
9.99609,10.9213
8.90139,12.921
11.7455,7.49012
11.5386,10.2637
11.2769,8.38929
10.2943,10.270
13.4382,8.77768
8.74918,9.67784
10.3784,8.58741
6.65601,10.9838
11.4607,8.42992
9.37885,7.61578
12.0032,9.98512
11.5282,11.4595
8.0266,12.2569
9.01588,8.04251
8.86841,8.75967
5.1908,10.7109
11.0584,11.393
10.1835,7.61699
9.90201,10.7604
11.853,11.3909
8.67662,10.8684
10.2428,10.6068
11.0021,8.40108
11.235,9.89733
9.336,13.571
11.7275,8.1497
8.36691,7.31628
10.5679,7.91751
9.26132,8.9756
11.4246,8.60898
11.0692,10.5986
9.75679,7.9155
6.09359,11.5285
10.937,10.334
6.82371,7.21379
10.5044,11.3444
5.37289,11.2321
9.16776,10.4607
10.8287,11.3208
8.16338,9.29921
10.2184,8.30646
10.2308,10.8904
9.54046,14.0261
8.68443,9.61347
11.0875,11.8076
12.4552,12.4311
9.91185,8.35943
15.1861,9.35048
8.60526,9.04205
10.2579,8.97063
10.2763,11.6383
8.52845,10.8047
10.0433,8.90566
11.1187,7.14314
10.9113,11.6067
14.0012,7.2118
13.2952,11.5183
8.02287,10.7111
8.41754,9.31711
12.2152,9.79102
5.40527,13.0609
10.2841,10.4977
7.41771,8.3087
7.48926,12.6038
6.254,8.27339
5.53483,10.4752
5.88257,6.80295
10.342,12.3517
10.7234,6.68882
7.59847,8.19143
6.68833,9.05672
10.1462,10.3754
9.47389,7.44517
11.6497,12.4336
10.1907,9.02386
8.37762,9.8629
7.08602,8.06749
8.998,11.0552
11.1943,10.3176
9.01295,8.65259
9.13298,12.172
8.67291,12.6823
11.3722,9.33004
8.1578,7.14484
13.673,10.2271
6.46028,8.17373
8.92991,13.3195
8.8441,11.1652
7.99194,12.4253
9.43326,11.2891
9.57835,13.299
9.26627,9.12364
10.3556,11.7023
7.79118,11.9497
9.78484,10.7511
8.61664,8.78066
7.12256,8.51976
13.191,11.3626
7.52309,11.0431
9.90783,10.5621
11.2209,11.7377
10.4045,10.0534
8.35083,10.7356
11.8189,8.3248
9.65417,10.316
6.36656,12.0772
12.2057,8.49489
13.3787,12.5199
9.83828,9.4311
10.5118,10.148
9.89127,11.0474
9.0202,9.20737
10.3215,12.1823
10.1894,9.61348
9.022,8.09583
13.2511,8.7982
8.18689,10.6024
13.0244,10.3577
11.1224,8.13541
11.92,10.9393
7.96652,10.873
14.0068,11.5287
9.98768,13.438
7.85474,10.8648
10.7001,10.8782
10.0383,7.71143
11.2328,9.619
10.9805,8.98496
11.8132,8.14983
10.7504,11.2916
11.4023,9.83219
10.3094,10.6567
8.79311,9.71932
7.64558,9.75415
10.4872,11.9422
8.29856,14.7114
8.75375,7.58698
11.357,9.48912
10.6761,9.71997
9.81114,8.11375
14.4588,9.68787
6.0314,9.3301
6.91596,6.8957
11.3476,5.85833
9.61397,7.93544
9.14186,12.8408
6.81022,8.22929
8.08123,9.74728
8.31361,12.2509
8.63342,7.4519
9.06051,9.73406
9.51886,9.15221
7.52136,11.0996
10.0545,9.99982
9.56766,11.6414
9.22846,7.67221
6.60602,10.4298
12.371,2.96273
11.7958,-2.34756
11.9746,-5.31279
11.0853,1.93015
10.7776,-1.31126
11.3691,-0.644471
8.52678,0.373238
13.7181,1.15121
10.5381,3.03549
4.78822,0.942808
9.41647,1.45347
13.5366,0.507458
8.85808,1.48022
12.1654,1.16551
7.37836,2.62061
11.8862,1.40461
10.9516,0.498884
8.93189,1.64696
8.49196,2.21685
9.78405,2.45445
9.48588,-0.43164
8.85899,0.920064
12.9534,3.56249
10.1578,2.59515
9.78185,0.390867
8.95658,3.24879
9.31281,-3.32291
10.2129,-0.395405
9.90687,4.59105
10.8204,0.532447
12.5477,-0.372323
12.2403,5.78334
9.49063,-0.237021
6.16308,0.742657
6.76808,0.471571
10.1108,-1.53863
9.24716,-0.652237
8.76129,-0.792335
7.92727,1.18063
7.75802,0.511433
5.77874,1.14418
10.8841,-1.09589
13.5731,1.4455
11.3429,1.42026
12.0738,-0.469501
9.90524,0.730892
7.55212,-3.1374
9.99856,-1.03417
7.11444,3.03787
12.5967,0.586176
11.6312,-0.966577
8.36029,-0.537471
8.24777,0.320897
14.1375,1.51693
11.7898,-0.376756
10.7052,0.764287
8.70778,0.541311
13.2404,-0.0800998
11.0294,-0.760503
10.9064,2.95206
12.5757,-0.240023
12.6854,-2.69425
14.5983,-0.283076
7.91285,-1.68329
10.4494,0.796312
12.2508,-2.00946
7.77488,1.3142
9.06975,-0.919119
7.05533,2.10359
6.1787,0.707323
10.5739,-0.766941
13.2178,-0.63944
10.7489,-0.507383
6.91794,1.98479
10.5502,0.134734
10.0029,0.595259
8.67716,1.69273
8.43697,-0.511461
11.7998,0.587468
12.4222,-0.297002
9.65957,2.73434
12.8636,-2.42426
12.0435,2.34016
11.8589,2.14587
11.1812,-3.4744
10.1304,2.83904
8.04948,0.288088
11.0909,0.547005
11.0714,-0.0311196
7.08568,0.426729
8.8258,1.74172
10.4076,2.11596
10.1079,-0.913192
8.91176,1.90963
10.5085,-1.80505
12.3322,2.58652
8.65378,-1.00673
11.5978,1.3469
7.56663,2.90909
8.77181,-2.26187
7.38416,1.60863
7.56918,-0.3450
5.92695,2.86353
8.45666,2.03882
11.3333,-0.812984
10.9286,-0.36139
8.23711,-1.01724
9.17354,-1.39034
10.6565,-3.98565
9.09873,1.85072
11.9607,-0.398544
9.7646,-1.3707
13.0265,-1.36261
11.7155,-0.599175
11.0173,1.24624
8.74608,2.31239
6.30942,0.389838
10.2939,-0.11942
15.9212,-2.03146
8.13929,2.76128
11.2779,-0.0839633
6.84372,0.977867
8.92066,-0.534774
8.36797,-1.45361
9.04556,-1.23981
11.5376,1.17522
8.06876,-2.18949
10.6905,5.38786
9.92873,-1.72175
9.91902,1.39307
10.3919,1.18253
10.1683,-0.306947
10.2402,-2.13139
9.7396,2.45212
7.96767,0.499569
8.94364,-1.75797
10.9281,0.0367325
9.66533,0.302059
5.8071,-0.259447
12.4322,0.613576
8.68954,-0.84996
13.2126,0.0787014
9.93866,4.37041
5.7992,4.3467
9.6144,3.14346
10.995,-0.325482
11.2118,-4.15801
13.9113,-3.74649
9.39227,-2.49996
12.7561,2.17177
12.3668,1.62641
5.79292,-2.37974
8.82837,4.25295
13.7533,1.55443
9.15851,1.40395
6.35618,-1.23335
9.19889,-2.63115
6.81934,0.0890129
8.51946,-1.00281
11.1576,0.516517
9.079,1.07582
9.96503,2.59539
13.1738,2.08507
10.4733,-2.32462
9.12768,1.34031
9.62287,-0.151438
10.8324,-0.00620798
8.64032,-0.842306 
10.4526,3.81555
5.98352,-0.929479
7.69741,0.420563
7.32635,4.68164
9.87256,-1.99093
10.0954,-2.51352
13.7498,-3.10865
6.71656,0.67455
14.2027,-2.33185
7.86611,-2.46522
5.85567,0.804827
14.6136,-1.96284
9.02734,0.760524
10.7874,3.24377
9.88269,-0.587611
8.10605,0.996171
12.6332,-1.12926
6.08146,0.995985
5.80939,0.567642
10.2077,-3.53096
12.8018,-1.09919
9.09731,1.2086
5.77656,-0.965842
10.607,-2.53292
11.3875,0.861257
12.9219,-0.877962
9.39697,-0.0301992
9.88439,-2.31018
9.19941,1.82527
7.26177,-2.33739
10.5754,-1.49528
9.73292,0.851338
8.27577,-1.68224
7.86655,2.16924
11.2704,1.25582
9.38803,0.357686
12.1408,-0.78988
10.599,-0.449738
7.13488,-3.94985
10.9019,-2.62262
10.8926,-1.00075
10.2539,3.2753
10.072,2.09315
6.1381,-3.93668
9.19718,0.2157
9.82559,1.71255
8.47976,-2.07989
12.5267,1.79982
11.8944,0.560019
10.614,-4.43962
12.2633,0.582751
8.03444,-0.226748
15.2042,-0.48522
13.4551,-0.718799
7.0912,-0.62014
11.1606,-2.12069
6.3125,3.07961
7.82762,4.06849
10.6624,-4.34198
15.081,0.135357
6.52392,-3.20587
6.67838,0.0168515
11.8538,-1.01302
10.103,-0.766667
11.6739,0.150377
8.61486,1.94783
9.65825,-3.99091
9.21178,-3.89232
9.68887,3.25673
8.17207,0.934164
9.53159,-2.48335
12.8144,0.802428
10.1157,-2.26044
6.88615,3.26866
7.7017,0.402345
11.06,-1.10844
9.42306,3.4284
3.76444,2.87711
11.8669,-0.383389
9.21763,-2.9053 
10.3333,-0.510629
6.12132,-0.0812959
0.306727,11.3151
5.17095,11.8551
1.99612,10.1973
1.07188,12.9116
-1.66212,10.6478
0.801202,10.97
-0.885348,10.9521
1.92524,7.1356
-5.4558,10.9298
2.80243,6.52139
1.76759,10.3342
1.71136,13.1241
-1.94153,10.3676
2.10267,10.1316
1.02853,8.14145
3.0764,10.1784
-2.62075,9.62061
-0.63794,10.0672
2.42675,11.4808
4.43748,9.64634
0.482585,8.84522
1.22922,9.17825
1.35585,7.61936
1.87579,5.6514
-0.971684,8.63478
1.60785,8.23435
3.37413,7.67697
1.29928,9.74252
2.94512,7.10243
-0.978036,9.55965
-1.59675,9.3973
-0.645095,5.69896
-1.71631,10.741
-0.796782,8.74937
-0.715332,9.17189
-1.13665,8.55101
1.66351,10.8277
-2.4871,10.8462
0.246919,8.00032
-0.541447,11.2129
1.78654,12.9312
-0.477897,10.9808
-3.36777,9.2118
2.90405,9.06242
-1.60348,10.628
3.12756,13.2453
1.45507,9.76387
2.2268,10.3585
2.34761,10.5459
-0.830344,9.48598
1.32246,10.3718
-0.167482,8.64784
-1.62346,9.99168
0.786088,8.09545
-1.71132,10.7998
-3.22486,12.0369
0.865686,8.15951
-0.202484,8.13487
1.25544,10.671
-1.17296,9.71721
0.103919,8.89752
3.05779,10.7905
-0.348379,8.5548
-0.0596768,7.62843
-2.14692,11.8564
-0.751996,11.5251
1.35246,11.5091
4.39452,8.90047
3.62686,12.8166
-0.412103,7.90307
-1.98189,12.2674
-2.30689,8.83601
-4.93527,8.05734
2.17365,10.0752
2.16128,13.5563
-0.949961,12.1505
-4.73646,9.35719
-0.961917,5.90238
0.544097,8.02255
2.39786,9.78454
1.05236,9.77875
-0.753827,7.10096
0.980346,9.69457
0.742897,9.05421
0.176966,8.64468
-1.28322,11.8564
1.06578,7.02501
-2.61743,9.17887
-1.70915,8.95119
1.1219,11.2286
-1.34688,9.9333
0.115591,11.4972
3.16782,11.6729
0.976487,9.82648
2.48833,11.8771
-0.945834,11.0138
-1.27483,10.0699
-0.167336,10.0242
3.21458,12.2709
1.05938,10.7663
-2.10977,10.8653
-0.42784,9.97796
-2.79222,11.1383
-0.281742,11.1186
2.95228,10.8289
-0.926795,10.2335
1.43314,9.75471
0.689115,12.7764
0.118,9.1039
0.447505,8.90247
2.8698,8.06393
-1.5733,8.07759
-2.90204,12.8213
2.44129,10.9938
0.0641878,5.79399
-1.69653,14.2
-0.955837,13.4598
-1.08431,10.9864
-0.117569,7.94299
-4.06032,9.0222
1.81456,13.6427
-0.707646,8.5557
-0.683905,9.65549
1.89757,8.44515
1.67624,11.177
-0.126571,8.5235
-0.0915738,7.84639
-1.91857,9.07972
2.7052,14.6477
-1.157,9.83488
-1.66828,9.49956
3.06442,9.86266
1.69668,6.34806
0.67713,9.50936
0.930836,12.1133
-2.0641,11.2468
-0.511481,11.0022
2.77044,10.8145
2.66418,10.533
-2.4552,12.8073
-1.27476,9.77471
1.60139,9.11191
-0.0343294,12.1436
-0.30706,7.01766
-1.75158,11.1528
0.684455,10.4285
0.252376,11.2236
-1.51744,11.9894
-2.9473,9.80743
-1.90381,8.88197
2.1115,10.5354
-2.63491,8.92244
-2.51969,11.9881
0.968859,9.87595
-0.138175,7.91574
2.18976,12.5286
-2.04975,9.01558
-1.24025,11.4334
0.920658,7.79629
-0.589995,10.2247
2.02086,7.9558
1.41767,11.2921
0.556434,8.95105
-1.12352,12.6208
1.7047,9.94791
-0.963134,8.5293
-1.76121,11.1334
-0.190441,10.3843
-1.33417,12.2909
4.04703,9.66569
0.291194,7.60402
1.17534,6.86204
1.74836,9.95608
5.52147,12.5317
-2.18494,11.0113
0.473845,10.0556
1.34216,7.28412
-3.98026,8.08608
-0.531769,6.35919
1.64738,11.9501
-0.891816,9.16533
1.68609,7.13071
0.929372,10.3065
0.0161873,11.4468
0.489532,9.46746
2.04614,11.6187
-4.96524,12.5142
1.02982,13.1379
1.76779,8.00182
-1.57595,10.6107
3.9813,9.72535
0.129431,10.0423
2.5541,13.3272
-2.44088,11.3093
2.92646,13.6779
1.84335,7.38666
-0.151517,11.3069
1.66291,8.18913
-2.34819,10.1107
1.10125,9.98357
-2.43963,7.43744
-5.0028,9.90037
0.697787,9.63589
2.36387,10.8444
-0.856124,12.6846
-1.04237,9.16465
2.95895,9.99118
0.173674,12.8203
1.42369,6.35965
1.56401,7.07156
-1.32272,8.97541
-0.880111,8.88475
0.946746,11.9691
-4.53819,9.21133
-4.79167,7.96302
0.721291,13.4869
-0.204916,11.0078
-2.24044,11.4657
-0.164427,11.8221
1.30293,7.96546
3.52054,10.6916
-2.86996,11.1593
3.60818,14.0723
0.590331,4.37577
0.562473,10.2794
2.92563,11.1238
-0.800308,8.14481
1.77339,11.8911
-1.11164,12.0262
1.07244,10.1226
1.01521,8.88586
1.08527,10.2897
-3.00708,10.653
-0.84521,11.4484
1.51073,12.1335
-2.66857,12.7899
2.67731,8.9268
1.05393,6.00194
-3.947,8.00537
-0.594244,12.4896
-0.297333,9.34092
-3.27633,10.9531
4.38608,10.9294
0.055897,9.56236
3.16388,10.0926
-0.396562,9.02468
3.43302,10.6813
2.31897,9.74396
1.28836,9.32739
-0.94443,12.3045
-2.24791,-3.91167
0.974215,-0.91293
1.38634,-2.05746
1.74525,-0.901507
-0.677591,-1.18781
-0.585782,-1.13773
-0.0564082,-1.93547
-1.45873,-0.98357
1.35238,2.91938
-3.3444,2.50484
0.713283,-0.768338
2.46635,3.75131
-0.776254,1.29345
0.387304,-0.00258549
2.3451,-2.90507
-0.797118,-2.04371
0.29915,-0.293339
-1.83045,1.48903
2.06028,-0.521355
-1.29541,-2.68804
-2.35397,-2.24686
-3.75267,0.084538
1.85227,1.55483
0.523157,-2.11477
-0.117425,-1.28357
3.85955,0.389026
-0.90518,0.397938
0.398389,-0.357314
-1.03842,-2.58305
0.0382496,1.20784
0.375385,-3.48195
-0.335926,-3.53812
-2.22178,0.531497
0.446128,-1.6669
-1.06972,0.711426
2.38231,1.2592
1.42659,0.623314
-2.411,-0.844719
1.22061,-0.463149
-0.633067,-3.2038
2.20366,-3.28039
-1.63044,-5.48374
-1.51903,2.79274
3.48752,-0.9434
-2.39604,-3.0276
0.985972,0.940161
1.41234,0.747235
-4.02492,-2.4934
-0.663163,1.87645
1.82018,-0.593457
-1.48968,-2.41517
0.423447,-2.54266
0.763979,-3.42971
2.70825,-0.17633
3.05168,3.53295
3.91511,1.83205
-0.678648,-1.44582
1.37317,-1.12811
-2.40325,3.84042
-1.07086,3.09118
-0.980645,-2.43516
0.181473,-2.23421
2.17171,1.96665
1.11414,-2.20965
-0.287849,-3.16407
2.13601,-1.36323
0.111725,-3.89225
2.72948,2.17736
3.68804,1.07546
-1.53632,4.89733
-0.058343,-2.08991
-1.45706,0.160673
-1.50621,-2.99308
-0.0425853,-1.87135
-1.8614,3.56708
2.63574,2.82448
-3.2627,-3.31979
0.615186,0.799779
1.51926,0.881006
-1.9011,0.66383
-2.14836,-1.27959
1.72788,2.00609
-3.23901,-0.412135
1.98257,-1.25456
-1.42379,-3.75283
-3.181,1.07131
-0.445233,-1.01515
2.26371,3.58627
-1.12621,1.42625
-1.33355,-0.631223
-3.98539,1.68956
1.33856,-2.17618
-0.862987,-0.891758
-0.560333,0.858254
0.567737,-1.98233
-1.00678,-1.45358
1.91166,3.75135
-0.590191,-1.79326
-1.11873,-3.34846
0.76448,-2.91048
0.757549,-1.282
-3.67275,-2.07471
1.09397,-0.551325
0.294615,0.230682
0.0137885,0.163522
-4.87163,1.7738
-1.09958,1.74366
-0.561848,1.55678
0.627504,0.256616
1.30804,-0.254863
-0.412448,-1.70482
0.421025,-1.23371
0.0986743,2.80905
1.79883,-0.297205
0.584487,-4.505
-2.73879,0.210771
-1.65645,-1.56188
-1.18258,-0.181346
-0.278845,3.66315
0.423797,3.77624
-1.78278,-1.57167
3.06757,-0.0300872
1.70931,-0.974022
-1.39449,-2.33311
2.53725,-1.55115
-0.533777,0.430775
1.0652,-0.138254
2.67074,0.240761
0.422706,-0.963662
2.77334,2.22719
-1.14679,-0.697444
0.151017,1.4409
0.965632,2.9415
0.211303,-2.66225
2.64226,0.528999
1.69253,-3.20841
1.98478,-1.98478
-1.23021,2.52925
-1.86775,2.45794
3.34069,-2.60261
-3.52188,1.05784
2.08441,1.41718
1.0609,2.88025
0.044982,1.47624
-1.60911,4.39831
1.05895,2.20231
0.284952,-0.570021
2.44855,-3.14846
4.33944,-3.86361
-1.94168,-0.957187
-2.82574,-2.3749
2.17931,0.713023
0.757968,-0.58687
2.72925,-1.10126
2.4235,2.4953
-3.66318,3.46469
0.0982961,-0.389228
0.70711,1.79833
0.980895,-0.187023
-2.26215,-0.153859
-3.67191,0.489812
1.95767,-1.69749
-4.54372,1.41967
0.668548,-1.09363
-0.629239,4.57638
0.305172,-2.05491
-1.91964,4.15421
0.580467,1.60392
-2.45232,-0.516202
-0.3681,-1.60406
-0.611015,-3.38687
-2.97029,-1.12713
1.80111,-2.64849
-0.508383,-0.411492
2.22844,-0.557015
-0.0530928,3.36721
0.540118,1.46692
-5.10117,0.537864
2.31196,-2.35928
3.60324,-2.25943
1.29352,-1.69458
0.0977617,-0.00222146
-1.35361,-0.794198
3.29796,0.354752
-1.16356,-0.870329
-0.896847,2.50616
2.70363,1.31153
0.498508,-0.660572
-3.35247,0.736836
-2.68822,-1.35455
0.331542,0.0528963
1.19688,-1.56676
-2.2899,0.839717
0.541564,-0.136578
-1.79442,-0.515427
2.22788,-1.5433
0.921941,1.457
0.344276,-1.6337
1.14147,-2.01319
1.62292,2.12185
2.45822,1.33695
1.16651,-0.845853
0.904897,4.59742
-1.78885,-0.760699
-0.926901,2.51597
-0.266385,1.1934
1.6145,0.0142848
0.143813,-0.828815
3.0096,1.44264
1.47313,-1.41122
0.0697859,-1.0951 
1.96057,-0.592983
3.43157,-0.687957
0.274399,-3.78118
0.435796,1.7885
-0.142913,1.9601
-2.30269,0.835235
-0.674174,-2.05278
1.64786,-4.94918
-1.68108,5.96364
-1.80611,-1.09375
2.90639,2.41441
-1.8718,0.879153
-0.247329,-0.458584
-1.3829,-1.38166
-1.97672,-1.69516
1.58543,0.66701
-1.01164,2.67381
-3.73654,3.21831
-0.69902,1.59945
1.86134,0.271685
-1.16785,2.65515
-1.91594,-0.659318
-0.609889,0.546299
-1.91219,0.560012
0.948187,0.406594
1.69217,3.6969
0.315268,2.3404
-2.58585,1.70093
0.624812,-0.706615
2.26779,0.246726
-2.27027,0.306941
2.25385,-0.994743
1.99764,-4.81487
1.37416,0.540669
-1.83333,-0.179394
0.149926,0.937712
-1.68494,-0.190611
-5.70059,-1.22378
1.76609,0.397725
